Empty
Empty
7940 
7940 
1791 7940 
7940 1791 
1791 3070 7940 
7940 3070 1791 
1791 3070 7695 7940 
7940 7695 3070 1791 
1791 3070 7695 7940 7976 
7976 7940 7695 3070 1791 
1791 3070 7067 7695 7940 7976 
7976 7940 7695 7067 3070 1791 
1791 3070 3732 7067 7695 7940 7976 
7976 7940 7695 7067 3732 3070 1791 
1791 3070 3672 3732 7067 7695 7940 7976 
7976 7940 7695 7067 3732 3672 3070 1791 
1791 3070 3672 3732 5250 7067 7695 7940 7976 
7976 7940 7695 7067 5250 3732 3672 3070 1791 
1791 3070 3672 3732 3977 5250 7067 7695 7940 7976 
7976 7940 7695 7067 5250 3977 3732 3672 3070 1791 
